==============================================
        1011 SEQUENCE DETECTOR TEST
==============================================
Time    Reset   Input   Detected
----------------------------------------------
0       1       0       0
12000   0       0       0
15000   0       1       0
25000   0       0       0
35000   0       1       0
45000   0       1       1
55000   0       1       0
65000   0       0       0
75000   0       1       0
85000   0       1       1
95000   0       0       0
105000  0       1       0
115000  0       1       1
125000  0       1       0
----------------------------------------------
Simulation completed successfully.